21769744
21561872
21132720
43447136
42858256
22440864
37961408
21773680
21683040
20311408
21787872
21680832
20289872
21153312
21183552
22520608
44842800
21786544
22221312
42882544
42884080
22128624
43163776
21889424
22422752
38281488
20363808
22275120
22441376
21589504
22579856
22158144
40113328
22124064
21674384
22802592
40109904
21846624
21413856
20118464
21581248
44460368
21513520
22627968
20131840
21547712
22125200
21113260
21674160
20320544
20218320
20136416
42882608
21584272
21899216
21575056
45072224
22656224
20355360
20420864
51596944
22159760
20246656
21592336
21661072
20260592
21135648
22257232
22156416
22509264
20167184
22458528
20358112
22436480
21674160
22151920
41752656
40128064
43383792
22160928
21901456
21341424
22583360
20221968
20420624
20119744
20311552
20258816
20958848
20253488
22208960
22509264
41074720
44671504
21132784
22216992
24265424
21413856
22415408
20213696
27445888
42938960
22128624
42939312
42386272
22612176
21837936
22578784
21580448
22417104
21564928
21902288
21547712
43133616
22417056
21841792
43017520
42854576
44842800
43358400
21798832
20133104
20231552
22159776
40645936
20213840
21550848
49425072
22578784
41752656
20148576
20206768
20176144
22171744
42938960
21447408
22220928
20345680
20422128
22440128
20979968
21198736
20954608
22275840
21699360
21798432
20231360
44671504
21343120
20119056
20372304
22147872
20360064
42939312
20231200
43433008
46832928
22277840
20224352
22531968
21242592
21136032
21828960
20213872
22205984
43128912
22425904
45135536
20958960
21135856
21592368
21254352
22150624
22128496
42388720
22456656
22202496
21772336
42885504
20206912
20242752
21196240
42886000
22581936
20420016
20329856
47047008
21203664
46838960
20359104
22595600
22202496
37770928
21406160
20181632
43128912
38288608
22088160
43015920
27445088
21892256
21549120
21343120
20967136
22214288
20288080
21894752
22421008
21314688
21519856
21339360
20276976
22273792
22437264
21511088
22160944
22415200
22561232
22647632
21773712
20225120
42882544
42846432
40657120
20977280
20098832
20276656
21830144
21329456
21340880
22275504
37770928
47644720
21506512
21341424
22416720
20204352
22417488
22419040
40645936
21844496
20231504
20149792
22442000
20122560
41105040
44078640
21317312
21583696
20959072
22581904
20224288
21832752
21430576
22158464
20422144
20980112
20319520
21426784
21429856
21682016
37961408
22561232
22771392
20213904
20385872
22129968
21209136
40109904
21324816
20115760
20250176
20337616
20361008
46648928
21519136
21418704
20401664
49425072
20288848
21166544
45135536
42389584
41105040
42853552
20264528
22221696
22417280
21784608
21135856
21213952
20969200
22771392
20359600
21133056
22667776
37964160
21837968
21516064
21501632
22263792
20971552
22155456
20311456
42846432
22256016
43388544
22644704
21580528
21887024
22674240
23634688
20140112
42986208
21440464
20149760
21798432
20385552
21135648
20982960
44078640
22427536
22440672
43358400
22151952
22419264
42389584
22821504
21412192
22514816
40688688
21503120
42310432
20391040
22224528
44460368
22524048
40676832
22678624
21203296
22628000
21328624
21904272
21155808
22258208
21415408
21499824
21235216
22415408
24276240
21775744
20166048
21501632
22417232
21666976
22220544
20154736
21317344
20421104
21140656
21431120
38283888
22415296
22422848
20216032
20221808
21194240
20149088
22416960
22254464
20254288
20098832
21667792
22159776
21217664
22159808
22432096
42853616
20358176
21177280
38277840
22158160
40680288
21203952
22417472
22432464
20257376
22211632
21582672
22159056
21215968
21333136
18133184
21312640
22243344
21424208
21125888
43194672
21846656
20262304
41743504
20359824
22440400
22509472
20317856
22171776
42853584
40125216
22437296
20270992
21250720
22519184
22826480
21816368
22627936
22561328
21412192
21550144
21769744
21666528
20317072
22082128
22435264
20962384
22439808
22416720
20417008
21226640
21593712
21499824
21692864
22585984
20968688
22163776
20389280
20334480
20313088
22165728
22265072
